%YAML:1.0
fx: 718.8560
fy: 718.8560
cx: 607.1928
cy: 185.2157
bf: -386.1448

