%YAML:1.0
fx: 223.29895
fy: 223.29895
cx: 285.47549
cy: 143.10384
bf: -10.94867
