%YAML:1.0
fx: 220.44908
fy: 220.44908
cx: 222.01352
cy: 146.41498
bf: -10.97633
