%YAML:1.0
fx: 665.92872
fy: 665.95872
cx: 275.01847
cy: 224.42522
bf: -50.70819
